812
794
698
812
794
698
794
776
680
936
918
822
936
918
822
1282
1202
1566
2054
2638
2630
3449

1439
1952
1961
2449
3043
3314
4418


4618
6067
6653
8098
11489
13232
5111
6072
6820
8639
4560
5252
7040
9377
8071
9274
9942
10847

5886
6720
8209
8852
12833
14184
6190
7025
8122
10057
5748
6574
8353
10854
10908
12175
13172
15140

7412
9052
11233
12054
15934
17819
8434
9335
10916
13012
7691
8098
11311
14033
16631
17911

16687
19211
12161
12800
16538
18391
18858
21474


15971
17560
22086
19846
18286
21476

16894
19393
31184
34308
26932
29851
19440
23010

18862
20214
33629
36974
27866
25389
21060
25059

19672
21442
38611
42461
31800
29178
23033
26582
37002
40692

42668
45166
58685
56060
53036
56842

64942
71695
82450
107126

61554
66071
101364
105599
112092
116045
58878
63199
96956
101008
107219
111000
238742
242794

7080
7320
7560
8040
8160
8400
8640
9120
7080
7320
7560
8040
8520
8160
8400
8640
9120
9600

6720
6960
7200
7200
7680
7800
8040
8280
5279
5759


504
605
161
242
1932
2417
7056
218
244
