677
662
582
677
662
582
662
647
567
780
765
685
780
765
685
1068
1002
1305
1712
2198
2192
2874

1199
1627
1634
2041
2536
2762
3682


3848
5056
5544
6748
9574
11027
4259
5060
5683
7199
3800
4377
5867
7814
6726
7728
8285
9039

4905
5600
6841
7377
10694
11820
5158
5854
6768
8381
4790
5478
6961
9045
9090
10146
10977
12617

6177
7543
9361
10045
13278
14849
7028
7779
9097
10843
6409
6748
9426
11694
13859
14926

13906
16009
10134
10667
13782
15326
15715
17895


13309
14633
18405
16538
15238
17897

14078
16161
24947
27446
21546
23881
16200
19175

15718
16845
26903
29579
22293
20311
17550
20047

16393
17868
30889
33969
25440
23342
19194
21266
29602
32554

34134
36133
46948
44848
42429
45474

51954
57356
65960
85701

49243
52857
81091
84479
89674
92836
47102
50559
77565
80806
85775
88800
190994
194235

5900
6100
6300
6700
6800
7000
7200
7600
5900
6100
6300
6700
7100
6800
7000
7200
7600
8000

5600
5800
6000
6000
6400
6500
6700
6900
4399
4799
по запросу

420
504
134
202
1610
2014
5880
182
203
